3.778040335910236E-20
4.4254530546766786E-20
9.630318770507522E-20
5.558402687004821E-20
3.791531258451784E-18
6.786886943034248E-16
1.3937706916420546E-16
1.0463493133220878E-19
2.706692422912517E-20
4.310875222652823E-20
5.729998305092392E-20
2.620820152627469E-20
7.677570009805019E-20
2.0287799297651717E-20
5.2553862949098034E-20
1.7232669571166964E-18
2.3978853763017356E-20
4.180607102901508E-20
9.367096903072424E-20
5.053718595951321E-16
2.0515976062127983E-19
5.1173922112808056E-20
2.6362182889698802E-20
1.4973571698493144E-20
1.2729393202106207E-19
3.6067737304542525E-20
3.1289177992681944E-17
2.3132366418179796E-20
4.344862288670287E-11
0.9999999937208419
0.06084244638837578
2.390299361604452E-19
2.7047104201634193E-13
2.5602266089565265E-20
1.2646451837775413E-19
3.2529684387204125E-20
7.902871830339329E-20
2.3767470168938004E-19
9.088317176928347E-19
8.210877093050737E-20
0.9331967463636623
1.0
0.9999999988525679
1.3904524073732241E-19
2.0649036339545303E-14
5.73936207151317E-19
1.4720664675101575E-20
7.334887058199027E-20
7.19620463049314E-20
3.4768641168534757E-16
2.6993781798978924E-20
1.6058357332457267E-17
0.9999999999399809
0.9999999980468544
0.9999999999532925
0.027472682188559895
1.8677156029720913E-19
1.7913673022255671E-12
2.1162050650485328E-20
7.656945173897973E-20
3.934280771611578E-20
9.756563975020843E-18
2.3940278181682702E-20
0.001704159542380742
0.9999999999977289
6.124759133981379E-20
0.9999913558956416
0.9999999905189564
4.8332741002832785E-20
3.254426442698271E-12
3.309444793076023E-20
9.243639816953151E-20
5.71410994954796E-18
3.9390399485728383E-20
1.619392845425878E-20
0.9999999899196753
0.9999999999999998
0.6694981474344345
0.9999999999990346
0.9999999999999858
5.480666862918394E-20
1.6803302566879614E-19
1.1383644418723582E-15
6.33015750756096E-20
5.9224340095207366E-18
2.5125270322848667E-20
5.1339447292593976E-20
0.9999999999999696
0.9999999999887723
0.9999991768135397
0.9999999998273215
0.9999999999999978
0.830547378188393
1.689275622986475E-20
7.407146778161034E-12
1.712471430010916E-20
4.2633422572327045E-19
8.974140228640028E-20
0.9999871666596978
0.9999999999999882
8.491848804541215E-20
5.1245776160741256E-20
1.9590028333225985E-20
0.9999999937230686
0.9999999999993878
1.670995531560833E-19
1.773184722997566E-18
1.429489927138794E-17
3.5808889230849853E-20
3.2005718647522836E-20
0.9999898245183204
0.9998324069237612
2.5779610758747246E-20
1.865518074926681E-12
1.2331947058886638E-19
0.05587590278743024
0.9999999986984414
3.230366747060151E-12
5.10056709453553E-20
1.0821489033611472E-14
4.3489574308545825E-20
6.803329447942826E-19
1.2229226627851665E-19
4.525781159129098E-20
1.0374285117691607E-15
6.73892339304128E-18
4.134929293457883E-16
3.128485825599333E-20
2.2886153453455015E-20
2.0421296536790525E-18
3.01863998225351E-20
1.4791354091085358E-19
6.221668769736588E-20
1.002285923077535E-19
2.4265451192871795E-20
1.2552400983039608E-19
6.857793956299781E-20
3.619008423693492E-20
9.0875808454236E-20
7.080087624300239E-20
5.895406637283208E-20
7.28207849344696E-20
5.671530404688573E-20
3.1096158471233543E-20