0.016975117647058835
0.016975117647058835
0.013104941176470541
0.013104941176470541
0.05180670588235292
0.10598917647058825
0.07889794117647064
0.016975117647058835
0.013104941176470541
0.013104941176470541
0.013104941176470541
0.013104941176470541
0.013104941176470541
0.013104941176470541
0.020845294117647017
0.013104941176470541
0.013104941176470541
0.013104941176470541
0.03245582352941179
0.013104941176470541
0.013104941176470541
0.013104941176470541
0.013104941176470541
0.013104941176470541
0.07502776470588235
0.013104941176470541
0.2453155294117647
0.7136068823529411
0.4697857647058824
0.013104941176470541
0.09437864705882348
0.013104941176470541
0.013104941176470541
0.016975117647058835
0.013104941176470541
0.12921023529411768
0.013104941176470541
0.5936314117647059
0.9419472941176471
0.7523086470588235
0.013104941176470541
0.044066352941176445
0.04019617647058826
0.013104941176470541
0.013104941176470541
0.05180670588235292
0.03245582352941179
0.10211899999999996
0.7871402352941177
0.6710349411764707
0.7948805882352941
0.42334364705882355
0.013104941176470541
0.10598917647058825
0.013104941176470541
0.013104941176470541
0.1253400588235294
0.013104941176470541
0.5317085882352941
0.7910104117647059
0.29562782352941175
0.6903858235294118
0.6981261764705882
0.013104941176470541
0.11372952941176473
0.013104941176470541
0.020845294117647017
0.13308041176470586
0.013104941176470541
0.744568294117647
0.8529332352941177
0.5433191176470589
0.7639191764705883
0.8490630588235294
0.08276811764705883
0.03245582352941179
0.07115758823529417
0.10211899999999996
0.013104941176470541
0.33432958823529413
0.8374525294117647
0.825842
0.7252174117647059
0.7832700588235294
0.876154294117647
0.5394489411764706
0.013104941176470541
0.13695058823529416
0.14082076470588234
0.013104941176470541
0.6749051176470588
0.8142314705882353
0.1563014705882353
0.013104941176470541
0.013104941176470541
0.7097367058823529
0.8064911176470588
0.013104941176470541
0.08663829411764701
0.08276811764705883
0.013104941176470541
0.6207226470588235
0.5820208823529411
0.013104941176470541
0.1833927058823529
0.013104941176470541
0.4775261176470589
0.7213472352941177
0.2762769411764706
0.013104941176470541
0.013104941176470541
0.0905084705882353
0.16791199999999995
0.08276811764705883
0.013104941176470541
0.03632599999999997
0.04019617647058826
0.13308041176470586
0.2182242941176471
0.14856111764705882
0.013104941176470541
0.020845294117647017
0.013104941176470541
0.013104941176470541
0.05180670588235292
0.020845294117647017
0.013104941176470541
0.016975117647058835
0.03245582352941179
0.013104941176470541
0.013104941176470541
0.02471547058823531
